,Week,Mean,Median,Mode
0,2020-01-20/2020-01-26,0.0,0.0,0
1,2020-01-27/2020-02-02,0.0,0.0,0
2,2020-02-03/2020-02-09,0.14285714285714285,0.0,0
3,2020-02-10/2020-02-16,0.0,0.0,0
4,2020-02-17/2020-02-23,0.14285714285714285,0.0,0
5,2020-02-24/2020-03-01,0.14285714285714285,0.0,0
6,2020-03-02/2020-03-08,3.2857142857142856,4.0,4
7,2020-03-09/2020-03-15,6.428571428571429,5.0,5
8,2020-03-16/2020-03-22,56.142857142857146,46.0,46
9,2020-03-23/2020-03-29,341.14285714285717,316.0,144
10,2020-03-30/2020-04-05,1185.2857142857142,1291.0,673
11,2020-04-06/2020-04-12,1975.142857142857,2097.0,1032
12,2020-04-13/2020-04-19,2153.4285714285716,2240.0,1258
13,2020-04-20/2020-04-26,2038.7142857142858,1983.0,1197
14,2020-04-27/2020-05-03,1884.2857142857142,1803.0,1398
15,2020-05-04/2020-05-10,1743.7142857142858,1666.0,932
16,2020-05-11/2020-05-17,1356.857142857143,1427.0,856
17,2020-05-18/2020-05-24,1201.4285714285713,1209.0,737
18,2020-05-25/2020-05-31,959.1428571428571,857.0,622
19,2020-06-01/2020-06-07,892.8571428571429,972.0,458
20,2020-06-08/2020-06-14,751.7142857142857,790.0,412
21,2020-06-15/2020-06-21,623.7142857142857,679.0,348
22,2020-06-22/2020-06-28,882.4285714285714,682.0,369
23,2020-06-29/2020-07-05,699.4285714285714,668.0,400
24,2020-07-06/2020-07-12,839.5714285714286,903.0,501
25,2020-07-13/2020-07-19,923.2857142857143,1010.0,596
26,2020-07-20/2020-07-26,1042.5714285714287,1146.0,708
27,2020-07-27/2020-08-02,1112.5714285714287,1152.0,637
28,2020-08-03/2020-08-09,1044.5714285714287,1167.0,630
29,2020-08-10/2020-08-16,1026.2857142857142,1038.0,659
30,2020-08-17/2020-08-23,893.2857142857143,989.0,547
31,2020-08-24/2020-08-30,871.7142857142857,908.0,908
32,2020-08-31/2020-09-06,766.5714285714286,820.0,498
33,2020-09-07/2020-09-13,673.0,673.0,354
34,2020-09-14/2020-09-20,722.1428571428571,754.0,367
35,2020-09-21/2020-09-27,696.8571428571429,788.0,317
36,2020-09-28/2020-10-04,657.5714285714286,739.0,349
37,2020-10-05/2020-10-11,699.7142857142857,806.0,254
38,2020-10-12/2020-10-18,687.5714285714286,698.0,384
39,2020-10-19/2020-10-25,819.1428571428571,898.0,454
40,2020-10-26/2020-11-01,867.2857142857143,906.0,509
41,2020-11-02/2020-11-08,1070.2857142857142,1147.0,660
42,2020-11-09/2020-11-15,1236.142857142857,1259.0,776
43,2020-11-16/2020-11-22,1571.5714285714287,1634.0,966
44,2020-11-23/2020-11-29,1636.4285714285713,1689.0,1031
45,2020-11-30/2020-12-06,2284.5714285714284,2549.0,1331
46,2020-12-07/2020-12-13,2604.714285714286,2797.0,1743
47,2020-12-14/2020-12-20,2830.5714285714284,2899.0,1993
48,2020-12-21/2020-12-27,2299.1428571428573,2252.0,1168
49,2020-12-28/2021-01-03,3335.0,3547.0,2345
50,2021-01-04/2021-01-10,3462.714285714286,3877.0,2232
51,2021-01-11/2021-01-17,3524.8571428571427,3941.0,2325
52,2021-01-18/2021-01-24,3130.8571428571427,3607.0,2044
53,2021-01-25/2021-01-31,3016.1428571428573,3394.0,2060
54,2021-02-01/2021-02-07,3010.8571428571427,3072.0,1636
55,2021-02-08/2021-02-14,2885.4285714285716,2923.0,1255
56,2021-02-15/2021-02-21,1843.2857142857142,1790.0,1211
57,2021-02-22/2021-02-28,1681.857142857143,1657.0,969
58,2021-03-01/2021-03-07,1459.5714285714287,1437.0,760
59,2021-03-08/2021-03-14,1078.7142857142858,1238.0,482
60,2021-03-15/2021-03-21,929.0,952.0,615
61,2021-03-22/2021-03-28,768.7142857142857,733.0,414
62,2021-03-29/2021-04-04,973.0,688.0,578
63,2021-04-05/2021-04-11,612.8571428571429,636.0,231
64,2021-04-12/2021-04-18,666.5714285714286,724.0,285
65,2021-04-19/2021-04-25,644.5714285714286,715.0,315
66,2021-04-26/2021-05-02,599.1428571428571,631.0,250
67,2021-05-03/2021-05-09,616.1428571428571,636.0,457
68,2021-05-10/2021-05-16,550.0,641.0,321
69,2021-05-17/2021-05-23,529.4285714285714,522.0,227
70,2021-05-24/2021-05-30,529.8571428571429,480.0,143
71,2021-05-31/2021-06-06,388.14285714285717,450.0,125
72,2021-06-07/2021-06-13,368.57142857142856,351.0,241
73,2021-06-14/2021-06-20,277.7142857142857,282.0,65
74,2021-06-21/2021-06-27,266.42857142857144,282.0,72
75,2021-06-28/2021-07-04,220.0,243.0,60
76,2021-07-05/2021-07-11,212.71428571428572,224.0,66
77,2021-07-12/2021-07-18,335.85714285714283,302.0,114
78,2021-07-19/2021-07-25,314.57142857142856,323.0,167
79,2021-07-26/2021-08-01,423.2857142857143,423.0,461
80,2021-08-02/2021-08-08,653.8571428571429,670.0,360
81,2021-08-09/2021-08-15,790.1428571428571,874.0,347
82,2021-08-16/2021-08-22,921.1428571428571,998.0,371
83,2021-08-23/2021-08-29,1386.7142857142858,1390.0,332
84,2021-08-30/2021-09-05,1621.2857142857142,1538.0,699
85,2021-09-06/2021-09-12,1648.857142857143,1527.0,421
86,2021-09-13/2021-09-19,1920.5714285714287,1888.0,104
87,2021-09-20/2021-09-26,1943.5714285714287,2164.0,491
88,2021-09-27/2021-10-03,1785.4285714285713,2099.0,212
89,2021-10-04/2021-10-10,1450.857142857143,1859.0,104
90,2021-10-11/2021-10-17,1529.142857142857,1305.0,466
91,2021-10-18/2021-10-24,1538.142857142857,1465.0,662
92,2021-10-25/2021-10-31,1198.142857142857,1376.0,356
93,2021-11-01/2021-11-07,1281.4285714285713,1370.0,455
94,2021-11-08/2021-11-14,1089.2857142857142,1056.0,295
95,2021-11-15/2021-11-21,1051.4285714285713,1292.0,18
96,2021-11-22/2021-11-28,1286.5714285714287,1332.0,176
97,2021-11-29/2021-12-05,1233.2857142857142,1200.0,277
98,2021-12-06/2021-12-12,1119.4285714285713,1415.0,49
99,2021-12-13/2021-12-19,1671.5714285714287,1845.0,268
100,2021-12-20/2021-12-26,1431.4285714285713,1440.0,33
101,2021-12-27/2022-01-02,1306.0,1458.0,256
102,2022-01-03/2022-01-09,1753.142857142857,2135.0,202
103,2022-01-10/2022-01-16,2014.4285714285713,2153.0,418
104,2022-01-17/2022-01-23,2131.714285714286,2086.0,581
105,2022-01-24/2022-01-30,2442.1428571428573,2745.0,538
106,2022-01-31/2022-02-06,2721.8571428571427,2772.0,503
107,2022-02-07/2022-02-13,2404.0,2908.0,550
108,2022-02-14/2022-02-20,2146.714285714286,2463.0,506
109,2022-02-21/2022-02-27,1970.857142857143,1558.0,387
110,2022-02-28/2022-03-06,1400.857142857143,1307.0,90
111,2022-03-07/2022-03-13,1293.5714285714287,1461.0,201
112,2022-03-14/2022-03-20,965.1428571428571,1150.0,0
113,2022-03-21/2022-03-27,745.0,737.0,309
114,2022-03-28/2022-04-03,650.5714285714286,677.0,26
115,2022-04-04/2022-04-10,467.14285714285717,315.0,150
116,2022-04-11/2022-04-17,502.7142857142857,343.0,53
117,2022-04-18/2022-04-24,408.57142857142856,276.0,203
118,2022-04-25/2022-05-01,383.2857142857143,224.0,184
119,2022-05-02/2022-05-08,452.42857142857144,287.0,51
120,2022-05-09/2022-05-15,294.7142857142857,225.0,0
121,2022-05-16/2022-05-22,290.57142857142856,242.0,48
122,2022-05-23/2022-05-29,342.57142857142856,282.0,53
123,2022-05-30/2022-06-05,214.0,179.0,5
124,2022-06-06/2022-06-12,374.14285714285717,258.0,125
125,2022-06-13/2022-06-19,387.14285714285717,322.0,45
126,2022-06-20/2022-06-26,281.7142857142857,250.0,31
127,2022-06-27/2022-07-03,492.0,404.0,107
128,2022-07-04/2022-07-10,328.2857142857143,381.0,113
129,2022-07-11/2022-07-17,345.85714285714283,307.0,0
130,2022-07-18/2022-07-24,356.57142857142856,317.0,12
131,2022-07-25/2022-07-31,378.7142857142857,316.0,12
132,2022-08-01/2022-08-07,471.2857142857143,582.0,23
133,2022-08-08/2022-08-14,431.85714285714283,397.0,12
134,2022-08-15/2022-08-21,432.57142857142856,464.0,5
135,2022-08-22/2022-08-28,476.2857142857143,413.0,25
136,2022-08-29/2022-09-04,390.7142857142857,277.0,4
137,2022-09-05/2022-09-11,390.2857142857143,413.0,129
138,2022-09-12/2022-09-18,367.14285714285717,398.0,13
139,2022-09-19/2022-09-25,389.14285714285717,400.0,43
140,2022-09-26/2022-10-02,365.57142857142856,371.0,37
141,2022-10-03/2022-10-09,376.0,262.0,16
142,2022-10-10/2022-10-16,321.0,296.0,8
143,2022-10-17/2022-10-23,222.71428571428572,269.0,3
144,2022-10-24/2022-10-30,253.42857142857142,231.0,0
145,2022-10-31/2022-11-06,196.14285714285714,120.0,0
146,2022-11-07/2022-11-13,430.85714285714283,101.0,0
147,2022-11-14/2022-11-20,249.28571428571428,310.0,0
148,2022-11-21/2022-11-27,227.42857142857142,64.0,0
149,2022-11-28/2022-12-04,309.57142857142856,296.0,0
150,2022-12-05/2022-12-11,332.85714285714283,207.0,0
151,2022-12-12/2022-12-18,334.0,64.0,0
152,2022-12-19/2022-12-25,168.57142857142858,30.0,0
153,2022-12-26/2023-01-01,298.85714285714283,75.0,0
154,2023-01-02/2023-01-08,261.85714285714283,6.0,0
155,2023-01-09/2023-01-15,506.57142857142856,304.0,0
156,2023-01-16/2023-01-22,437.14285714285717,414.0,10
157,2023-01-23/2023-01-29,453.2857142857143,296.0,2
158,2023-01-30/2023-02-05,351.85714285714283,75.0,0
159,2023-02-06/2023-02-12,490.2857142857143,288.0,20
160,2023-02-13/2023-02-19,348.14285714285717,209.0,7
161,2023-02-20/2023-02-26,133.28571428571428,68.0,1
162,2023-02-27/2023-03-05,221.0,92.0,0
163,2023-03-06/2023-03-12,491.57142857142856,190.0,9
164,2023-03-13/2023-03-19,135.85714285714286,149.0,1
165,2023-03-20/2023-03-26,200.0,143.0,0
166,2023-03-27/2023-04-02,160.14285714285714,139.0,0
167,2023-04-03/2023-04-09,148.71428571428572,22.0,3
168,2023-04-10/2023-04-16,86.0,122.0,2
169,2023-04-17/2023-04-23,117.28571428571429,144.0,144
170,2023-04-24/2023-04-30,265.2857142857143,105.0,5
171,2023-05-01/2023-05-07,39.142857142857146,5.0,0
172,2023-05-08/2023-05-14,140.83333333333334,53.5,0
173,2023-05-15/2023-05-21,16.714285714285715,0.0,0
174,2023-05-22/2023-05-28,80.57142857142857,59.0,1
175,2023-05-29/2023-06-04,0.0,0.0,0
176,2023-06-12/2023-06-18,200.42857142857142,43.0,3
177,2023-06-19/2023-06-25,48.714285714285715,19.0,1
178,2023-06-26/2023-07-02,38.57142857142857,33.0,2
179,2023-07-03/2023-07-09,34.57142857142857,4.0,0
180,2023-07-10/2023-07-16,19.857142857142858,0.0,0
181,2023-07-17/2023-07-23,10.428571428571429,0.0,0
